distortion_model: "plumb_bob"
D: [-0.12498681964745686, 0.14434460261941098, -0.00025467972558125573, -0.00032822480874115007, 0.005530982947799811, 0.0, 0.0, 0.0]
K: [2244.6822210687787, 0.0, 1031.1951881966631, 0.0, 2245.3487183033653, 756.842991075673, 0.0, 0.0, 1.0]
